0.09252467498851051
0.17577708817169918
0.07322216169903428
0.3848357267497148
0.1271192915948463
0.049087983262680504
0.18913000130935548
0.20667381802058868
0.051819257461736656
0.21258590653525794
0.12235613817874777
0.20588182115471879
0.028872872606409073
0.2667732796854374
0.28519540641522356
0.045929267317174526
0.08144007937642181
0.14722339058214987
0.03359258184418178
0.003752089384231572
0.19231646284174825
0.22300728685702767
0.11170913750697672
0.18245614006190822
0.17528846453139177
0.24147425460898517
0.04113586899529919
0.1563220985390923
0.2874818670909143
0.19791744952362275
0.4953890985860023
0.11648891296809738
0.21009268588174768
0.07608874206188396
0.07114790084157722
0.23209630390618044
0.24270428950634046
0.21419811944098857
0.12531667606437455
0.12070489709964186
0.04309651510360814
0.04315070805616594
0.07108196088418281
0.03457067368398955
0.00511129671716718
0.15103303579349336
0.20767060720880226
0.4406012832845726
0.14858007400987425
0.06172428820904233
0.25300554760945154
0.1670888626879512
0.0283311631787908
0.1796531784068902
0.034333260894222936
0.2527642235665568
0.11393391525799794
0.043428305471330704
0.09285765066325541
0.1708215884723706
0.16038931481769872
0.18172306396643448
0.12830051893363617
0.010362326360554518
0.15852333506976535
0.2739603165642952
0.16301613696562836
0.21814932069392082
0.026762159177366542
0.1954245120375737
0.16862584085552088
0.01863872737445146
0.09450121910240653
0.059398007497293535
0.17985350759278518
0.1378124914388272
0.030097360966863215
0.15047173301943498
0.007030661053090162
0.0720607722995778
0.004603864348862249
0.17503026967640672
0.13515795931551644
0.16862727406344022
0.10234006724720389
0.07200738769501261
0.08446670097655153
0.10036623706594136
0.1400479949195444
0.13749550542887168
0.3198886977464996
0.1388007022405622
0.0926749736592171
0.06381290535609148
0.09309726474536299
0.013757105788402006
0.1888278408548358
0.2601548543002664
0.026877969890284587
0.18437239709328773
0.10647216442049307
0.29145404918073203
0.07811120122143458
0.23015431610308948
0.07261689661806649
0.05012114891690464
0.045376480288953774
0.1506615790639445
0.12509344799916242
0.013535331922992843
0.10797705016312192
0.11057402939391263
0.10199002477812641
0.3755342317117449
0.02746367682800939
0.22405464870679742
0.2604269625377883
0.21933906061245112
0.2468099820983119
0.006359272653226747
0.10540668699069804
0.1457810849299291
0.13922503065133485
0.19031639996521274
0.2099021552759129
0.14489204685458076
0.13571543615355372
0.11152572398504035
0.34767682360404006
0.23782557417903757
0.0890808692210434
0.0648468819346387
0.002865318149672263
0.13933748183136543
0.022054763759017295
0.199648004912291
0.2435578123187105
0.07182460174951015
0.10817645816460214
0.07387124800545854
0.017325022235352438
0.3783650140254921
0.10002741416504085
0.14970221711484802
0.0929121372719021
0.006506233957366678
0.32527682035749683
0.3152436043921243
0.36798073209414095
0.5077504165079344
0.08635924357944211
0.17589536201724978
0.04294218582297851
0.020729471765463938
0.15720961932624
0.13867533230539672
0.07049169660406455
0.2305845143036497
0.1300583229044331
0.2072666019293131
0.12231396229024066
0.17529616915466933
0.2716401060693127
0.03451120061036807
0.12650143913601172
0.36452542087643963
0.15565957753095708
0.25354204171710315
0.1891830918145303
0.21039896238728692
0.4337371862829598
0.08954961802166164
0.27121944118765867
0.10987299132175912
0.3482031820899217
0.18786676323828008
0.18714029095720153
0.3506539195990812
0.1410606569316934
0.11743755722733708
0.140576678636662
0.05503883045423962
0.21169640785166746
0.10663896967889722
0.0035400511194472535
0.028197012883164237
0.1012192742131699
0.1142980351815758
0.2666199662807608
0.17943092901622826
0.08234635469191234
0.19834770597392107
0.3831077358986158
0.14272167759123655
0.1491748232022284
0.0799726530327015
0.2519753765247809
0.16578886185667738
0.268376358055429
0.17875303503323095
0.3661289553284595
0.09140390575839122
0.15873638164657244
0.0656102643154055
0.12560517014842745
0.16391520931975964
0.060720439770588414
0.1323708918696178
0.04524189527019478
0.1559013641772225
0.038381164893207316
0.39138230881030533
0.21947892033661415
0.25429344011103805
0.2282452332147095
0.10993155480256765
0.25795036586440984
0.12777950117399783
0.16550857778175765
0.11342323759557865
0.02869762162170682
0.28739348023576333
0.17231645774843524
0.1439791511851045
0.0866318727181608
0.15747244042909253
0.13603023080030913
0.16231087110147907
0.12538017489619216
0.22403254902276998
0.05639747066704227
0.14208162552990145
0.11344331393869059
0.07252047670167507
0.04812071419979121
0.08734188765822372
0.07393219272429932
0.16784008417109236
0.11801271541938406
0.253714371538738
0.21681962110124503
0.12852861792092937
0.1446839206297347
0.12462991617471682
0.247852542428588
0.31366542503931216
0.23902314069550593
0.06559713439208627
0.08827718156283386
0.1825744323798006
0.16572037292990516
0.21573770434260384
0.3326694032287477
0.13507647386104824
0.2370763612257431
0.0658951839770632
0.18497666308680263
0.02540145468416931
0.1371229402204302
0.11723375348491627
0.19435255919721067
0.12910652635530184
0.2546744881406882
0.10699878118649957
0.23955214796435817
0.13850950387944835
0.1430963069209659
0.11231103221524075
0.16140207845085305
0.1493558316077022
0.17572919218725425
0.2451060314645772
0.15500886378317258
0.04160976969779525
0.34890701805327795
0.21135755451335017
0.24480623888510228
0.1092108674930957
0.19005838064645933
0.16220510620087705
0.1993857983237278
0.19087136355139103
0.13859933034071242
0.17477936874406305
0.1070493678556932
0.11844636574060387
0.09587186275354562
0.2500591166228721
0.3468844235653037
0.1885524581472708
0.16862104916069565
0.16079854546837288
0.1384615396759248
0.2797208659468937
0.09782613101699503
0.23331189720271606
0.057699793551595255
0.3051674677623213
0.2958574954342826
0.026329333758197637
0.19721660675667735
0.09898851648130705
0.1401119600837354
0.005558265947052567
0.13773123350816005
0.14264823294690232
0.2451975575425158
0.2372193098667528
0.21806831141827945
0.11284120170515394
0.25431528908419415
0.11744118813980914
0.2427803504063268
0.3934270133665873
0.16843555552863712
0.0590763738147667
0.04438877313372637
0.18969938421138394
0.1075462058892853
0.2205494027163443
