0.008421644681524438
0.03130669189035826
0.08913894654695409
0.3788142159525714
0.0019310805523101726
0.08757390759724126
0.05962051384834701
0.06923209492459406
0.0024104562237109075
0.004226364071179273
0.050691619221603805
0.005940352836326869
0.03249323353911262
0.08962003886908401
0.018498061103168744
0.013466528834291914
0.17738309079755124
0.06292883671668692
0.11399285101043485
0.09559863666208725
0.09334659916492995
0.06798567109477181
0.06872163212501595
0.059887464418601995
0.054789187739961706
0.031279316670565445
0.005862682844068053
0.009313866456215389
0.053824077915112505
0.06306808250113624
0.2606187042654695
0.1173763653429686
0.060176993517551944
0.14012830134558546
0.1130258778980535
0.012593140028934472
0.05402039603571085
0.003510008330315158
0.01260818645031118
0.08804501082690261
0.2034471634504612
0.1441303323283352
0.05776648082187815
0.13021638657556114
0.016848230727229734
0.00495607542559675
0.21854419803347494
0.3796369065473929
0.11193686675728715
0.020983375943850215
0.04678206954965119
0.04075056200461432
0.09363235357029732
0.03215290369686764
0.1536583314630887
0.05965955106476867
0.07190703465436056
0.14590306088104402
0.09895776678787559
0.05163918247732739
0.03238507354693673
0.08962477694461328
0.051229864753857025
0.023953652476644546
0.006067776682837971
0.11018242406113998
0.1201507794651914
0.05019725318493737
0.039125055358382975
0.03393123792208535
0.15503623547657225
0.12892578209814287
0.01078600671814326
0.05854329300557363
0.018167582455296264
0.07633510810960635
0.028950037776253667
0.0988266646441598
0.09977812583599509
0.03411034711737535
0.08336074431381477
0.046348154248446904
0.0557387762565749
0.07359238166448794
0.023292738217911238
0.007912190696221233
0.07481663422861662
0.010481174966120207
0.09889560490848072
0.02765662564182777
0.11752284315788998
0.0444990903345272
0.014087788334846744
0.041201102400172114
0.049604038661132645
0.0577061140983457
0.11500616951851907
0.1876980280040321
0.04534805125301296
0.01601033793988177
0.07852721370655609
0.12775876306758668
0.0050069344669122174
0.031683843634783326
0.028060626882596876
0.055018791330874055
0.021880734787868773
0.08580713944097575
0.040633273643950044
0.11073156456191705
0.06582741344353288
0.016320485457501758
0.04665411670451951
0.14169786044762694
0.12390566005344379
0.08147782835123414
0.03271602897314336
0.0829089597363075
0.019878459911255683
0.03424157644149008
0.0938528146943617
0.07516789424920052
0.046840418901668686
0.1776663536844548
0.14805339489594976
0.01162063648074782
0.18292534021389378
0.07349479777837252
0.04602347989111189
0.06486833026802404
0.11722825551998373
0.10109337540744355
0.1405303431177506
0.07853990730805852
0.15036651447874833
0.07210750511293498
0.0962181486122623
0.02635171149672627
0.11116933766105017
0.17395538548390316
0.09270611889320227
0.2184617722912926
0.10675365521044645
0.09369574677963254
0.09295890393420495
0.10992590817446939
0.3232516278551631
0.03899339001548078
0.21063022518902094
0.3784349167775384
0.04535563511244718
0.13866605217430714
0.042898525829589404
0.0008351318497797157
0.01669755846817138
0.1984577347089317
0.14010840426263033
0.0077101837366356455
0.059838438784854196
0.04953637043225868
0.0374245382634073
0.014736643368251283
0.06041822198712893
0.028600195820805686
0.03371047411274388
0.04394322132725298
0.016453545180030206
0.030261413394573708
0.04912594550068475
0.006295608265932869
0.2771106036508328
0.1520359893894904
0.045487742348886466
0.03241043728906883
0.24443054516586238
0.17204348630753494
0.06268965725346724
0.2720869715806922
0.16013164974811167
0.06849809194434099
0.19206827862043063
0.02588641060418286
0.14023577623351954
0.15328144320690237
0.025944413006058542
0.028481146035735948
0.006070822468782344
0.014989363249198544
0.04154152370653488
0.10543455641649799
0.08172010198487722
0.05366996895892958
0.23257738731534358
0.01806306743475624
0.00798786190229206
0.05936223252405468
0.04959341983547676
0.05790296358776621
0.06097642280887702
0.2647797717521805
0.30765716395591874
0.031700096567189105
0.04172026844686017
0.04224283930959609
0.006356571477231846
0.23194471371051525
0.08515272649149766
0.0013318247433920225
0.03442118422637388
0.10283070463219887
0.10792201828444256
0.13020922934843654
0.021041598579463226
0.09066127300472
0.026139919679149175
0.19628257403044494
0.007427004984034436
0.021813836311926526
0.04636212672567439
0.09178336788232135
0.022334020921034755
0.06945375681021435
0.06664075717955921
0.07003615921979169
0.1094868248947277
0.010586091805715039
0.09163451344848415
0.05829496950026123
0.07032964357410407
0.09893301105144157
0.055098792872403074
0.04419820947370351
0.03683202030407103
0.049919474566895675
0.0061770608278101675
0.0735397727403489
0.01334750996566072
0.10987083277488116
0.04479105912580499
0.02303010972343094
0.04173013512716245
0.2362935192762764
0.018188185134237814
0.06441105211758297
0.013502090362376765
0.0043392770896748725
0.13563612104326778
0.13797935210628687
0.007386018416070683
0.06309045569758724
0.028418297979273657
0.10165582251179994
0.2799768499199581
0.3023775162935438
0.08899465966223971
0.07813248215122093
0.04643235128038947
0.03745279497217447
0.15711338400132493
0.09527891942000265
0.05297547621564822
0.008608458152315302
0.03916218209538391
0.028933415076184896
0.03204580591033014
0.03742093537800267
0.030807795383222102
0.06351046796029985
0.0018156009050382122
0.008519118482108594
0.002319875728976391
0.15081918516641835
0.1312224992614226
0.18730087737541287
0.2784636631392182
0.027069667496602164
0.12984189521101455
0.030637988048968733
0.020269389054679697
0.05652685733856856
0.11433372467730554
0.2092041864841448
0.09927897691611622
0.2222575987509083
0.035028026675696246
0.016481948891111906
0.08433218423954059
0.11657900819976541
0.19908771923200774
0.07807249566700551
0.02596813558141543
0.06045013655929242
0.049785178441274086
0.12703374733318193
0.06755070097172183
0.12336357750216459
0.008327044372603046
0.03615740891568231
0.14870790590168134
0.033173670588140504
0.04594461502738448
0.025709414169307478
0.010042381619999659
0.171801816391123
2.0045480206722868e-05
0.08305081601269666
0.020706908910257674
0.11855468189738189
0.11274728221536924
0.026514980115222304
0.10375139414498465
0.13492274117024633
0.016230578826794486
0.2965595824448381
0.009916549688774347
0.15221978372857956
0.0577084760630458
0.101423666881145
0.08470808427475641
0.011229973987133188
